
1
Zachary
Mollenhour
2147483647
2


2147483647
3


2147483647
4


2147483647
5


2147483647
6


2147483647
7


2147483647
8


2147483647
9


2147483647
10


2147483647
11


2147483647
12


2147483647
13


2147483647
14


2147483647
15


2147483647
16


2147483647
17


2147483647
18


2147483647
19


2147483647
20


2147483647
21


2147483647
22


2147483647
23


2147483647
24


2147483647
25


2147483647
26


2147483647
27


2147483647
28


2147483647
29


2147483647
30


2147483647
31


2147483647
32


2147483647
33


2147483647
34


2147483647
35


2147483647
36


2147483647
37


2147483647
38


2147483647
39


2147483647
40


2147483647
41


2147483647
42


2147483647
43


2147483647
44


2147483647
45


2147483647
46


2147483647
47


2147483647
48


2147483647
49


2147483647
50


2147483647
51


2147483647
52


2147483647
53


2147483647
54


2147483647
55


2147483647
56


2147483647
57


2147483647
58


2147483647
59


2147483647
60


2147483647
61


2147483647
62


2147483647
63


2147483647
64


2147483647
65


2147483647
66


2147483647
67


2147483647
68


2147483647
69


2147483647
70


2147483647
71


2147483647
72


2147483647
73


2147483647
74


2147483647
75


2147483647
76


2147483647
77


2147483647
78


2147483647
79


2147483647
80


2147483647
81


2147483647
82


2147483647
83


2147483647
84


2147483647
85


2147483647
86


2147483647
87


2147483647
88


2147483647
89


2147483647
90


2147483647
91


2147483647
92


2147483647
93


2147483647
94


2147483647
95


2147483647
96


2147483647
97


2147483647
98


2147483647
99


2147483647
100


2147483647
101


2147483647
102


2147483647
103


2147483647
104


2147483647
105


2147483647
106


2147483647
107


2147483647
108


2147483647
109


2147483647
110


2147483647
111


2147483647
112


2147483647
113


2147483647
114


2147483647
115


2147483647
116


2147483647
117


2147483647
118


2147483647
119


2147483647
120


2147483647
121


2147483647
122


2147483647
123


2147483647
124


2147483647
125


2147483647
126


2147483647
127


2147483647
128


2147483647
129


2147483647
130


2147483647
131


2147483647
132


2147483647
133


2147483647
134


2147483647
135


2147483647
136


2147483647
137


2147483647
138


2147483647
139


2147483647
140


2147483647
141


2147483647
142


2147483647
143


2147483647
144


2147483647
145


2147483647
146


2147483647
147


2147483647
148


2147483647
149


2147483647
150


2147483647
151


2147483647
152


2147483647
153


2147483647
154


2147483647
155


2147483647
156


2147483647
157


2147483647
158


2147483647
159


2147483647
160


2147483647
161


2147483647
162


2147483647
163


2147483647
164


2147483647
165


2147483647
166


2147483647
167


2147483647
168


2147483647
169


2147483647
170


2147483647
171


2147483647
172


2147483647
173


2147483647
174


2147483647
175


2147483647
176


2147483647
177


2147483647
178


2147483647
179


2147483647
180


2147483647
181


2147483647
182


2147483647
183


2147483647
184


2147483647
185


2147483647
186


2147483647
187


2147483647
188


2147483647
189


2147483647
190


2147483647
191


2147483647
192


2147483647
193


2147483647
194


2147483647
195


2147483647
196


2147483647
197


2147483647
198


2147483647
199


2147483647
200


2147483647
201


2147483647
202


2147483647
203


2147483647
204


2147483647
205


2147483647
206


2147483647
207


2147483647
208


2147483647
209


2147483647
210


2147483647
211


2147483647
212


2147483647
213


2147483647
214


2147483647
215


2147483647
216


2147483647
217


2147483647
218


2147483647
219


2147483647
220


2147483647
221


2147483647
222


2147483647
223


2147483647
224


2147483647
225


2147483647
226


2147483647
227


2147483647
228


2147483647
229


2147483647
230


2147483647
231


2147483647
232


2147483647
233


2147483647
234


2147483647
235


2147483647
236


2147483647
237


2147483647
238


2147483647
239


2147483647
240


2147483647
241


2147483647
242


2147483647
243


2147483647
244


2147483647
245


2147483647
246


2147483647
247


2147483647
248


2147483647
249


2147483647
250


2147483647
251


2147483647
252


2147483647
253


2147483647
254


2147483647
255


2147483647
256


2147483647
257


2147483647
258


2147483647
259


2147483647
260


2147483647
261


2147483647
262


2147483647
263


2147483647
264


2147483647
265


2147483647
266


2147483647
267


2147483647
268


2147483647
269


2147483647
270


2147483647
271


2147483647
272


2147483647
273


2147483647
274


2147483647
275


2147483647
276


2147483647
277


2147483647
278


2147483647
279


2147483647
280


2147483647
281


2147483647
282


2147483647
283


2147483647
284


2147483647
285


2147483647
286


2147483647
287


2147483647
288


2147483647
289


2147483647
290


2147483647
291


2147483647
292


2147483647
293


2147483647
294


2147483647
295


2147483647
296


2147483647
297


2147483647
298


2147483647
299


2147483647
300


2147483647
301


2147483647
302


2147483647
303


2147483647
304


2147483647
305


2147483647
306


2147483647
307


2147483647
308


2147483647
309


2147483647
310


2147483647
311


2147483647
312


2147483647
313


2147483647
314


2147483647
315


2147483647
316


2147483647
317


2147483647
318


2147483647
319


2147483647
320


2147483647
321


2147483647
322


2147483647
323


2147483647
324


2147483647
325


2147483647
326


2147483647
327


2147483647
328


2147483647
329


2147483647
330


2147483647
331


2147483647
332


2147483647
333


2147483647
334


2147483647
335


2147483647
336


2147483647
337


2147483647
338


2147483647
339


2147483647
340


2147483647
341


2147483647
342


2147483647
343


2147483647
344


2147483647
345


2147483647
346


2147483647
347


2147483647
348


2147483647
349


2147483647
350


2147483647
351


2147483647
352


2147483647
353


2147483647
354


2147483647
355


2147483647
356


2147483647
357


2147483647
358


2147483647
359


2147483647
360


2147483647
361


2147483647
362


2147483647
363


2147483647
364


2147483647
365


2147483647
366


2147483647
367


2147483647
368


2147483647
369


2147483647
370


2147483647
371


2147483647
372


2147483647
373


2147483647
374


2147483647
375


2147483647
376


2147483647
377


2147483647
378


2147483647
379


2147483647
380


2147483647
381


2147483647
382


2147483647
383


2147483647
384


2147483647
385


2147483647
386


2147483647
387


2147483647
388


2147483647
389


2147483647
390


2147483647
391


2147483647
392


2147483647
393


2147483647
394


2147483647
395


2147483647
396


2147483647
397


2147483647
398


2147483647
399


2147483647
400


2147483647
401


2147483647
402


2147483647
403


2147483647
404


2147483647
405


2147483647
406


2147483647
407


2147483647
408


2147483647
409


2147483647
410


2147483647
411


2147483647
412


2147483647
413


2147483647
414


2147483647
415


2147483647
416


2147483647
417


2147483647
418


2147483647
419


2147483647
420


2147483647
421


2147483647
422


2147483647
423


2147483647
424


2147483647
425


2147483647
426


2147483647
427


2147483647
428


2147483647
429


2147483647
430


2147483647
431


2147483647
432


2147483647
433


2147483647
434


2147483647
435


2147483647
436


2147483647
437


2147483647
438


2147483647
439


2147483647
440


2147483647
441


2147483647
442


2147483647
443


2147483647
444


2147483647
445


2147483647
446


2147483647
447


2147483647
448


2147483647
449


2147483647
450


2147483647
451


2147483647
452


2147483647
453


2147483647
454


2147483647
455


2147483647
456


2147483647
457


2147483647
458


2147483647
459


2147483647
460


2147483647
461


2147483647
462


2147483647
463


2147483647
464


2147483647
465


2147483647
466


2147483647
467


2147483647
468


2147483647
469


2147483647
470


2147483647
471


2147483647
472


2147483647
473


2147483647
474


2147483647
475


2147483647
476


2147483647
477


2147483647
478


2147483647
479


2147483647
480


2147483647
481


2147483647
482


2147483647
483


2147483647
484


2147483647
485


2147483647
486


2147483647
487


2147483647
488


2147483647
489


2147483647
490


2147483647
491


2147483647
492


2147483647
493


2147483647
494


2147483647
495


2147483647
496


2147483647
497


2147483647
498


2147483647
499


2147483647
500


2147483647
501


2147483647
502


2147483647
503


2147483647
504


2147483647
505


2147483647
506


2147483647
507


2147483647
508


2147483647
509


2147483647
510


2147483647
511


2147483647
512


2147483647
513


2147483647
514


2147483647
515


2147483647
516


2147483647
517


2147483647
518


2147483647
519


2147483647
520


2147483647
521


2147483647
522


2147483647
523


2147483647
524


2147483647
525


2147483647
526


2147483647
527


2147483647
528


2147483647
529


2147483647
530


2147483647
531


2147483647
532


2147483647
533


2147483647
534


2147483647
535


2147483647
536


2147483647
537


2147483647
538


2147483647
539


2147483647
540


2147483647
541


2147483647
542


2147483647
543


2147483647
544


2147483647
545


2147483647
546


2147483647
547


2147483647
548


2147483647
549


2147483647
550


2147483647
551


2147483647
552


2147483647
553


2147483647
554


2147483647
555


2147483647
556


2147483647
557


2147483647
558


2147483647
559


2147483647
560


2147483647
561


2147483647
562


2147483647
563


2147483647
564


2147483647
565


2147483647
566


2147483647
567


2147483647
568


2147483647
569


2147483647
570


2147483647
571


2147483647
572


2147483647
573


2147483647
574


2147483647
575


2147483647
576


2147483647
577


2147483647
578


2147483647
579


2147483647
580


2147483647
581


2147483647
582


2147483647
583


2147483647
584


2147483647
585


2147483647
586


2147483647
587


2147483647
588


2147483647
589


2147483647
590


2147483647
591


2147483647
592


2147483647
593


2147483647
594


2147483647
595


2147483647
596


2147483647
597


2147483647
598


2147483647
599


2147483647
600


2147483647
601


2147483647
602


2147483647
603


2147483647
604


2147483647
605


2147483647
606


2147483647
607


2147483647
608


2147483647
609


2147483647
610


2147483647
611


2147483647
612


2147483647
613


2147483647
614


2147483647
615


2147483647
616


2147483647
617
Zachary
Mollenhour
123
618
Zachary
Mollenhour
234567890